42  3  0  0
   1    0  9.248189  -2.5
   2    0  6.9031890000000002  -2.5
   3    2.5  9.248189  -2.5
   4    2.5  6.9031890000000002  0
   5    2.5  9.248189  2.5
   6    -2.5  -0.13181018999999999  -2.5
   7    -2.5  9.248189  -2.5
   8    -2.5  6.9031890000000002  0
   9    -2.5  9.248189  2.5
  10    -2.5  6.9031890000000002  2.5
  11    -2.5  4.5581893999999998  2.5
  12    -2.5  4.5581893999999998  0
  13    2.5  4.5581893999999998  0
  14    0  2.2131896000000002  -2.5
  15    0  4.5581893999999998  -2.5
  16    2.5  4.5581893999999998  2.5
  17    0  4.5581893999999998  2.5
  18    0  2.2131896000000002  2.5
  19    2.5  6.9031890000000002  2.5
  20    0  9.248189  2.5
  21    0  -0.13181018999999999  -2.5
  22    2.5  -0.13181018999999999  -2.5
  23    -2.5  6.9031890000000002  -2.5
  24    -2.5  9.248189  0
  25    -2.5  4.5581893999999998  -2.5
  26    0  6.9031890000000002  2.5
  27    2.5  6.9031890000000002  -2.5
  28    2.5  4.5581893999999998  -2.5
  29    -2.5  2.2131896000000002  -2.5
  30    2.5  2.2131896000000002  -2.5
  31    2.5  2.2131896000000002  2.5
  32    2.5  -0.13181018999999999  2.5
  33    -2.5  -0.13181018999999999  0
  34    -2.5  2.2131896000000002  0
  35    -2.5  2.2131896000000002  2.5
  36    -2.5  -0.13181018999999999  2.5
  37    2.5  2.2131896000000002  0
  38    0  9.248189  0
  39    0  -0.13181018999999999  0
  40    2.5  -0.13181018999999999  0
  41    0  -0.13181018999999999  2.5
  42    2.5  9.248189  0
# Generated by tetgen -p treebox.stl 
