79  4  0
    1      25    15    12    14
    2      17     4    16    13
    3       8    25    23     2
    4      33    18    39    34
    5       8    10    17    26
    6      11    18    34    12
    7      17    12     2    13
    8      10     8    17    11
    9      12    15     2    13
   10      11    18    35    34
   11       5    20     4    26
   12       5    42     4    38
   13       4    17    16    26
   14      15    28     2    13
   15      19     5     4    26
   16      18    31    32    40
   17      28     4     2    13
   18      20     5     4    38
   19       8     7    24     1
   20      42     4    38     1
   21       8    24    38     1
   22      18    17    16    13
   23       4    42     3     1
   24      14    39    21    40
   25      18    33    35    34
   26      17    18    12    13
   27      18    37    12    13
   28      31    18    16    13
   29       4    27    28     2
   30      33    18    35    36
   31      37    39    14    40
   32      31    18    37    40
   33      39    18    32    40
   34      39     6    34    14
   35      15    28    13    14
   36       4     3    27     1
   37      39     6    14    21
   38       7     8    23     1
   39      25     8    12     2
   40      17    18    11    12
   41       8    17    11    12
   42       4    17     2    13
   43      33    39     6    34
   44      39    18    41    32
   45      33    18    36    41
   46      13    37    14    30
   47       6    29    34    14
   48      18    33    39    41
   49      21    14    40    22
   50      29    25    12    14
   51      19     4    16    26
   52       9     8    20    26
   53       8     9    10    26
   54      20     4    26    38
   55       8    20    26    38
   56       8     9    20    38
   57       9     8    24    38
   58      38     8     1     2
   59      15    25    12     2
   60       4    38     1     2
   61       8    23     1     2
   62      27     4     1     2
   63      26     8    38     2
   64       4    26    38     2
   65      17     8    26     2
   66       4    17    26     2
   67      37    14    30    22
   68       8    17    12     2
   69      18    31    37    13
   70      12    15    13    14
   71      37    12    13    14
   72      18    39    34    14
   73      39    18    37    14
   74      34    29    12    14
   75      18    34    12    14
   76      37    18    12    14
   77      18    39    37    40
   78      28    13    14    30
   79      14    37    40    22
# Generated by tetgen -p treebox.stl 
