80  1
    1      5    20    38    1
    2      5    38    42    1
    3      5    19    26    1
    4      5    26    20    1
    5     42     4     5    1
    6      5     4    19    1
    7     33    39     6    1
    8      6    39    21    1
    9     24     8     7    1
   10      7     8    23    1
   11     20    26     9    1
   12      9    26    10    1
   13     17    18    11    1
   14     11    18    35    1
   15     36    33    35    1
   16     35    33    34    1
   17     13    16     4    1
   18      4    16    19    1
   19     15    14    28    1
   20     28    14    30    1
   21      2    27     1    1
   22      1    27     3    1
   23     18    36    35    1
   24     41    36    18    1
   25     16    18    17    1
   26     16    31    18    1
   27     39    40    21    1
   28     21    40    22    1
   29      7    23     1    1
   30      1    23     2    1
   31     38    24     1    1
   32      1    24     7    1
   33     23    25     2    1
   34      2    25    15    1
   35     19    16    26    1
   36     26    16    17    1
   37     26    17    10    1
   38     10    17    11    1
   39     35    34    11    1
   40     11    34    12    1
   41     27     4     3    1
   42      3     4    42    1
   43     29    14    25    1
   44     25    14    15    1
   45     31    32    18    1
   46     18    32    41    1
   47     29     6    14    1
   48     14     6    21    1
   49     15    28     2    1
   50      2    28    27    1
   51     37    40    31    1
   52     31    40    32    1
   53      9    10     8    1
   54      9     8    24    1
   55     33     6    34    1
   56     34     6    29    1
   57     12    25     8    1
   58      8    25    23    1
   59     30    22    37    1
   60     37    22    40    1
   61     27    28     4    1
   62      4    28    13    1
   63     10    11     8    1
   64      8    11    12    1
   65     20     9    38    1
   66     38     9    24    1
   67     41    32    39    1
   68     39    32    40    1
   69     28    30    13    1
   70     13    30    37    1
   71     12    29    25    1
   72     34    29    12    1
   73     36    41    33    1
   74     33    41    39    1
   75     38     1    42    1
   76     42     1     3    1
   77     14    22    30    1
   78     21    22    14    1
   79     37    31    13    1
   80     13    31    16    1
# Generated by tetgen -p treebox.stl 
