24  4  0
    1       8    11     1     2
    2      15     1    17    13
    3       1    11     4     2
    4      10     1     9    16
    5       1    10     9     2
    6       1    19    17    18
    7       1    14     9    16
    8       8     1     9     2
    9      11    12     8     1
   10      20     1    19    17
   11      12    15     1    17
   12      20    12     1    17
   13      12     8     1     9
   14      15     1    14     9
   15      15    12     1     9
   16       1    17    13    18
   17       6     5     3     2
   18       8     6     3     2
   19       5     7     3     2
   20       3     7     4     2
   21      11     3     4     2
   22      11     8     3     2
   23       1    15    14    13
   24       1    14    16    13
# Generated by tetgen -p tetris.stl 
