36  1
    1      4     2     1    1
    2      1     2    10    1
    3     11     3     4    1
    4      4     3     7    1
    5      4     7     2    1
    6      2     7     5    1
    7      6     5     3    1
    8      3     5     7    1
    9      8    11    12    1
   10      8    12     9    1
   11      2     8     9    1
   12      2     9    10    1
   13     10     9    16    1
   14     16     9    14    1
   15      9    15    14    1
   16      9    12    15    1
   17     11     1    12    1
   18     11     4     1    1
   19      1    18    19    1
   20     13    18     1    1
   21     16    14    13    1
   22     13    14    15    1
   23      2     6     8    1
   24      5     6     2    1
   25     15    17    13    1
   26     13    17    18    1
   27     15    12    17    1
   28     17    12    20    1
   29     20    19    17    1
   30     17    19    18    1
   31     10    16     1    1
   32      1    16    13    1
   33     12     1    20    1
   34     20     1    19    1
   35      6     3     8    1
   36      8     3    11    1
# Generated by tetgen -p tetris.stl 
