20  3  0  0
   1    1  3.1023052  -1
   2    1  1  1
   3    -1  -1  -1
   4    1  1  -1
   5    1  -1  1
   6    -1  -1  1
   7    1  -1  -1
   8    -1  1  1
   9    -1  3.1023052  1
  10    1  3.1023052  1
  11    -1  1  -1
  12    -1  3.1023052  -1
  13    1  5.2555569999999996  -1
  14    -1  5.2555569999999996  1
  15    -1  5.2555569999999996  -1
  16    1  5.2555569999999996  1
  17    -1  5.2555569999999996  -3.2383144000000001
  18    1  5.2555569999999996  -3.2383144000000001
  19    1  3.1023052  -3.2383144000000001
  20    -1  3.1023052  -3.2383144000000001
# Generated by tetgen -p tetris.stl 
